For learning rate: 0.001
____________________________________________________________
Epoch No 	 Accuracy
1	0.6299
2	0.6248
3	0.6265
4	0.5634
5	0.4845
6	0.4573
7	0.4007
8	0.3754
9	0.4436
10	0.56
11	0.6722
12	0.7465
13	0.7705
14	0.764
15	0.7611
Maximum for this learning rate: 0.7705


For learning rate: 0.003
____________________________________________________________
Epoch No 	 Accuracy
1	0.5593
2	0.3916
3	0.6311
4	0.7667
5	0.7704
6	0.7474
7	0.7069
8	0.7185
9	0.7463
10	0.7083
11	0.6817
12	0.6728
13	0.6697
14	0.6567
15	0.6604
Maximum for this learning rate: 0.7704


For learning rate: 0.01
____________________________________________________________
Epoch No 	 Accuracy
1	0.7355
2	0.777
3	0.7899
4	0.7667
5	0.7494
6	0.7428
7	0.7554
8	0.7546
9	0.7767
10	0.7881
11	0.7958
12	0.8053
13	0.8011
14	0.8199
15	0.8246
Maximum for this learning rate: 0.8246


For learning rate: 0.1
____________________________________________________________
Epoch No 	 Accuracy
1	0.3914
2	0.3589
3	0.4459
4	0.4028
5	0.3557
6	0.3882
7	0.3836
8	0.3953
9	0.3468
10	0.3625
11	0.3706
12	0.2555
13	0.3165
14	0.1972
15	0.2523
Maximum for this learning rate: 0.4459


